	汉字	字频	累计字频
0	的	75815362	75815362
1	一	25457232	101272594
2	是	23149794	124422388
3	在	18766686	143189074
4	不	18663788	161852862
5	有	18563917	180416779
6	人	17103749	197520528
7	了	16437434	213957962
8	中	13927636	227885598
9	大	13666304	241551902
10	为	12486717	254038619
11	上	11944832	265983451
12	个	11087128	277070579
13	国	10753236	287823815
14	这	10686186	298510001
15	年	10608175	309118176
16	和	10362955	319481131
17	时	10159855	329640986
18	以	10074634	339715620
19	会	9757506	349473126
20	要	9363431	358836557
21	来	9286638	368123195
22	业	9070683	377193878
23	到	8978653	386172531
24	行	8958511	395131042
25	能	8662036	403793078
26	生	8594383	412387461
27	发	8516190	420903651
28	我	8414655	429318306
29	出	8285867	437604173
30	可	7903054	445507227
31	对	7820520	453327747
32	公	7805107	461132854
33	多	7557282	468690136
34	就	7449617	476139753
35	用	7436302	483576055
36	成	7395804	490971859
37	家	7383548	498355407
38	后	6947126	505302533
39	下	6928000	512230533
40	也	6785681	519016214
41	于	6754906	525771120
42	市	6739524	532510644
43	学	6662206	539172850
44	方	6636265	545809115
45	地	6583759	552392874
46	日	6560056	558952930
47	作	6544619	565497549
48	自	6450098	571947647
49	动	6395956	578343603
50	们	6394047	584737650
51	现	6382563	591120213
52	分	6378021	597498234
53	过	6274376	603772610
54	经	6080485	609853095
55	资	6032325	615885420
56	新	5939091	621824511
57	子	5880072	627704583
58	他	5802602	633507185
59	金	5781287	639288472
60	高	5751976	645040448
61	车	5563607	650604055
62	小	5522096	656126151
63	理	5513884	661640035
64	开	5506498	667146533
65	本	5433407	672579940
66	前	5366777	677946717
67	产	5351053	683297770
68	面	5339541	688637311
69	都	5327183	693964494
70	进	5217674	699182168
71	最	5153076	704335244
72	全	5147325	709482569
73	月	5130395	714612964
74	好	5093477	719706441
75	工	5087211	724793652
76	实	5072089	729865741
77	关	5040286	734906027
78	你	5035562	739941589
79	天	5025897	744967486
80	而	4979845	749947331
81	力	4963240	754910571
82	者	4952403	759862974
83	得	4944980	764807954
84	机	4943532	769751486
85	场	4935902	774687388
86	长	4905662	779593050
87	等	4853367	784446417
88	合	4844593	789291010
89	体	4834713	794125723
90	同	4809460	798935183
91	点	4720760	803655943
92	说	4699952	808355895
93	定	4697106	813053001
94	如	4685362	817738363
95	还	4679534	822417897
96	之	4663765	827081662
97	与	4618233	831699895
98	其	4531671	836231566
99	心	4526779	840758345
100	部	4494883	845253228
101	加	4386892	849640120
102	看	4381516	854021636
103	品	4381058	858402694
104	将	4333085	862735779
105	美	4308660	867044439
106	法	4302136	871346575
107	事	4295665	875642240
108	内	4269057	879911297
109	主	4243605	884154902
110	所	4218298	888373200
111	间	4174820	892548020
112	元	4150181	896698201
113	期	4145842	900844043
114	通	4130070	904974113
115	度	4110587	909084700
116	重	4073027	913157727
117	信	4051219	917208946
118	化	4047239	921256185
119	司	4002608	925258793
120	比	3904887	929163680
121	电	3875828	933039508
122	很	3870900	936910408
123	入	3851298	940761706
124	情	3836855	944598561
125	务	3800532	948399093
126	更	3792863	952191956
127	性	3755095	955947051
128	当	3691492	959638543
129	基	3667453	963305996
130	里	3662727	966968723
131	区	3659506	970628229
132	外	3615416	974243645
133	目	3597632	977841277
134	提	3592050	981433327
135	但	3574113	985007440
136	位	3573556	988580996
137	然	3566716	992147712
138	网	3558285	995705997
139	价	3545279	999251276
140	手	3535594	1002786870
141	道	3530176	1006317046
142	三	3465698	1009782744
143	及	3464014	1013246758
144	报	3444015	1016690773
145	因	3440092	1020130865
146	次	3413070	1023543935
147	文	3400597	1026944532
148	着	3396608	1030341140
149	平	3394513	1033735653
150	量	3376774	1037112427
151	没	3366672	1040479099
152	从	3361111	1043840210
153	数	3357854	1047198064
154	么	3341309	1050539373
155	相	3340502	1053879875
156	保	3340190	1057220065
157	表	3336036	1060556101
158	明	3324643	1063880744
159	起	3319099	1067199843
160	果	3304258	1070504101
161	制	3300724	1073804825
162	名	3293059	1077097884
163	计	3290386	1080388270
164	水	3284319	1083672589
165	利	3258710	1086931299
166	展	3240714	1090172013
167	交	3240416	1093412429
168	管	3215847	1096628276
169	意	3214892	1099843168
170	万	3212231	1103055399
171	投	3191388	1106246787
172	建	3164588	1109411375
173	股	3149937	1112561312
174	去	3141535	1115702847
175	民	3139385	1118842232
176	并	3128251	1121970483
177	种	3123171	1125093654
178	员	3084515	1128178169
179	此	3064373	1131242542
180	第	3046038	1134288580
181	应	2976394	1137264974
182	些	2961728	1140226702
183	做	2919086	1143145788
184	无	2912966	1146058754
185	设	2892598	1148951352
186	据	2867265	1151818617
187	路	2864925	1154683542
188	安	2833232	1157516774
189	样	2828186	1160344960
190	商	2826081	1163171041
191	式	2796332	1165967373
192	正	2793967	1168761340
193	系	2786872	1171548212
194	已	2779459	1174327671
195	常	2743347	1177071018
196	收	2734183	1179805201
197	活	2708215	1182513416
198	身	2679671	1185193087
199	被	2659212	1187852299
200	让	2647836	1190500135
201	己	2638238	1193138373
202	海	2628482	1195766855
203	线	2622876	1198389731
204	或	2612738	1201002469
205	持	2604878	1203607347
206	想	2598805	1206206152
207	两	2593862	1208800014
208	二	2581113	1211381127
209	注	2578339	1213959466
210	只	2573755	1216533221
211	题	2565651	1219098872
212	特	2553242	1221652114
213	那	2548643	1224200757
214	政	2535156	1226735913
215	物	2524163	1229260076
216	老	2509083	1231769159
217	原	2492464	1234261623
218	解	2492224	1236753847
219	联	2477279	1239231126
220	女	2469662	1241700788
221	格	2436400	1244137188
222	东	2426987	1246564175
223	程	2406130	1248970305
224	记	2399553	1251369858
225	增	2399550	1253769408
226	问	2392514	1256161922
227	证	2380344	1258542266
228	代	2379996	1260922262
229	感	2378780	1263301042
230	至	2364107	1265665149
231	风	2363820	1268028969
232	向	2352636	1270381605
233	教	2346894	1272728499
234	别	2327094	1275055593
235	单	2326661	1277382254
236	门	2311693	1279693947
237	示	2305602	1281999549
238	气	2304031	1284303580
239	服	2291522	1286595102
240	回	2289766	1288884868
241	需	2285315	1291170183
242	创	2284644	1293454827
243	费	2279436	1295734263
244	知	2261670	1297995933
245	考	2261272	1300257205
246	规	2251197	1302508402
247	接	2244128	1304752530
248	受	2233726	1306986256
249	每	2224877	1309211133
250	强	2218373	1311429506
251	打	2207426	1313636932
252	处	2195965	1315832897
253	企	2193710	1318026607
254	变	2185392	1320211999
255	运	2180943	1322392942
256	给	2180796	1324573738
257	少	2173792	1326747530
258	总	2171174	1328918704
259	技	2163740	1331082444
260	台	2163484	1333245928
261	结	2157446	1335403374
262	调	2136478	1337539852
263	型	2132737	1339672589
264	房	2131184	1341803773
265	色	2129550	1343933323
266	口	2128018	1346061341
267	城	2104708	1348166049
268	今	2102825	1350268874
269	由	2099486	1352368360
270	西	2092069	1354460429
271	号	2087255	1356547684
272	标	2084936	1358632620
273	各	2072131	1360704751
274	易	2068411	1362773162
275	专	2054509	1364827671
276	项	2054087	1366881758
277	术	2051811	1368933569
278	选	2048732	1370982301
279	近	2046289	1373028590
280	件	2044107	1375072697
281	放	2026339	1377099036
282	影	2022876	1379121912
283	科	2020517	1381142429
284	使	2019333	1383161762
285	直	2018973	1385180735
286	任	2012201	1387192936
287	南	2011713	1389204649
288	头	2009409	1391214058
289	息	1999395	1393213453
290	指	1991039	1395204492
291	统	1989349	1397193841
292	户	1983654	1399177495
293	达	1972256	1401149751
294	流	1963608	1403113359
295	北	1958228	1405071587
296	质	1952886	1407024473
297	整	1950280	1408974753
298	求	1947435	1410922188
299	认	1926732	1412848920
300	微	1919033	1414767953
301	周	1905870	1416673823
302	先	1901932	1418575755
303	立	1901064	1420476819
304	孩	1898900	1422375719
305	导	1897330	1424273049
306	级	1879969	1426153018
307	带	1877152	1428030170
308	造	1874007	1429904177
309	布	1852950	1431757127
310	值	1852032	1433609159
311	完	1846417	1435455576
312	球	1843368	1437298944
313	告	1842223	1439141167
314	十	1835197	1440976364
315	师	1828924	1442805288
316	推	1826476	1444631764
317	该	1824955	1446456719
318	山	1824880	1448281599
319	院	1809229	1450090828
320	再	1808721	1451899549
321	转	1800758	1453700307
322	空	1799889	1455500196
323	真	1791715	1457291911
324	传	1781679	1459073590
325	营	1775388	1460848978
326	把	1756972	1462605950
327	视	1752021	1464357971
328	容	1747781	1466105752
329	游	1746268	1467852020
330	话	1744012	1469596032
331	她	1737962	1471333994
332	款	1736025	1473070019
333	非	1729389	1474799408
334	华	1715403	1476514811
335	消	1712003	1478226814
336	社	1709550	1479936364
337	较	1709243	1481645607
338	组	1701169	1483346776
339	改	1695955	1485042731
340	具	1695709	1486738440
341	源	1685798	1488424238
342	广	1673487	1490097725
343	准	1656706	1491754431
344	集	1647909	1493402340
345	爱	1640509	1495042849
346	油	1640060	1496682909
347	未	1632871	1498315780
348	续	1627107	1499942887
349	世	1625979	1501568866
350	议	1625289	1503194155
351	友	1616045	1504810200
352	队	1608623	1506418823
353	取	1605182	1508024005
354	配	1604760	1509628765
355	效	1602627	1511231392
356	才	1600615	1512832007
357	医	1599842	1514431849
358	节	1598049	1516029898
359	供	1597406	1517627304
360	育	1596600	1519223904
361	试	1595134	1520819038
362	低	1591035	1522410073
363	权	1587951	1523998024
364	支	1584947	1525582971
365	类	1580999	1527163970
366	儿	1575357	1528739327
367	份	1573624	1530312951
368	四	1571257	1531884208
369	步	1571055	1533455263
370	备	1570957	1535026220
371	观	1570408	1536596628
372	众	1570202	1538166830
373	客	1569511	1539736341
374	办	1566994	1541303335
375	清	1566178	1542869513
376	赛	1564969	1544434482
377	速	1561748	1545996230
378	率	1560684	1547556914
379	精	1559763	1549116677
380	深	1553005	1550669682
381	快	1551773	1552221455
382	形	1550693	1553772148
383	什	1546122	1555318270
384	战	1545864	1556864134
385	走	1542497	1558406631
386	领	1538710	1559945341
387	几	1537785	1561483126
388	局	1533642	1563016768
389	优	1528715	1564545483
390	限	1524123	1566069606
391	查	1519765	1567589371
392	确	1514167	1569103538
393	案	1510617	1570614155
394	势	1502520	1572116675
395	界	1499529	1573616204
396	购	1497010	1575113214
397	张	1494292	1576607506
398	包	1489505	1578097011
399	光	1486542	1579583553
400	花	1477418	1581060971
401	显	1473355	1582534326
402	况	1471289	1584005615
403	图	1467857	1585473472
404	超	1456903	1586930375
405	马	1454666	1588385041
406	宝	1447929	1589832970
407	见	1446477	1591279447
408	银	1444153	1592723600
409	决	1442868	1594166468
410	功	1441576	1595608044
411	研	1440944	1597048988
412	融	1440720	1598489708
413	环	1436901	1599926609
414	始	1435769	1601362378
415	首	1434765	1602797143
416	升	1434277	1604231420
417	京	1433375	1605664795
418	越	1431524	1607096319
419	参	1431241	1608527560
420	共	1430743	1609958303
421	何	1429223	1611387526
422	复	1428608	1612816134
423	白	1428269	1614244403
424	书	1421435	1615665838
425	条	1421428	1617087266
426	预	1417457	1618504723
427	又	1411465	1619916188
428	省	1410093	1621326281
429	销	1407385	1622733666
430	济	1407066	1624140732
431	请	1401778	1625542510
432	热	1399762	1626942272
433	乐	1395287	1628337559
434	则	1392006	1629729565
435	称	1384386	1631113951
436	反	1379286	1632493237
437	食	1375725	1633868962
438	财	1372021	1635240983
439	候	1368792	1636609775
440	装	1367341	1637977116
441	构	1365345	1639342461
442	片	1365135	1640707596
443	校	1355711	1642063307
444	州	1355031	1643418338
445	险	1352469	1644770807
446	际	1350701	1646121508
447	难	1348440	1647469948
448	买	1339703	1648809651
449	维	1337650	1650147301
450	按	1337073	1651484374
451	存	1335878	1652820252
452	红	1330645	1654150897
453	团	1330645	1655481542
454	照	1321593	1656803135
455	即	1306101	1658109236
456	约	1300236	1659409472
457	足	1294394	1660703866
458	亿	1285671	1661989537
459	太	1282385	1663271922
460	模	1278218	1664550140
461	识	1275632	1665825772
462	神	1270038	1667095810
463	论	1262481	1668358291
464	习	1261403	1669619694
465	获	1261359	1670881053
466	斯	1261221	1672142274
467	料	1260890	1673403164
468	且	1251959	1674655123
469	根	1245835	1675900958
470	养	1245073	1677146031
471	吃	1240890	1678386921
472	觉	1229016	1679615937
473	站	1228213	1680844150
474	牌	1227697	1682071847
475	引	1225526	1683297373
476	助	1225414	1684522787
477	态	1224224	1685747011
478	排	1223446	1686970457
479	治	1222497	1688192954
480	致	1215716	1689408670
481	住	1211978	1690620648
482	置	1207952	1691828600
483	王	1203122	1693031722
484	它	1199644	1694231366
485	五	1195854	1695427220
486	验	1191438	1696618658
487	随	1183944	1697802602
488	益	1183233	1698985835
489	额	1178790	1700164625
490	米	1175450	1701340075
491	军	1173994	1702514069
492	互	1169687	1703683756
493	仅	1166526	1704850282
494	士	1165916	1706016198
495	控	1165891	1707182089
496	段	1164766	1708346855
497	男	1143135	1709489990
498	责	1136563	1710626553
499	策	1136541	1711763094
500	必	1133007	1712896101
501	除	1127326	1714023427
502	售	1126231	1715149658
503	便	1120182	1716269840
504	店	1118612	1717388452
505	究	1118425	1718506877
506	拉	1116261	1719623138
507	施	1113817	1720736955
508	票	1113613	1721850568
509	钱	1110764	1722961332
510	响	1105913	1724067245
511	往	1105510	1725172755
512	监	1104539	1726277294
513	均	1095162	1727372456
514	江	1093235	1728465691
515	克	1091557	1729557248
516	干	1091310	1730648558
517	器	1089652	1731738210
518	适	1087270	1732825480
519	病	1084278	1733909758
520	连	1081533	1734991291
521	望	1081109	1736072400
522	算	1080802	1737153202
523	降	1077424	1738230626
524	委	1076135	1739306761
525	划	1075251	1740382012
526	满	1073296	1741455308
527	星	1072847	1742528155
528	职	1067698	1743595853
529	极	1066478	1744662331
530	采	1059202	1745721533
531	德	1056022	1746777555
532	边	1053347	1747830902
533	尔	1052933	1748883835
534	演	1049297	1749933132
535	村	1047140	1750980272
536	积	1046106	1752026378
537	健	1044957	1753071335
538	防	1044397	1754115732
539	境	1043272	1755159004
540	汽	1041392	1756200396
541	像	1040998	1757241394
542	景	1040975	1758282369
543	素	1040495	1759322864
544	象	1039625	1760362489
545	百	1035039	1761397528
546	双	1034112	1762431640
547	历	1033375	1763465015
548	思	1030045	1764495060
549	言	1025769	1765520829
550	英	1022490	1766543319
551	火	1018483	1767561802
552	券	1017367	1768579169
553	许	1012096	1769591265
554	盘	1011151	1770602416
555	离	1006470	1771608886
556	断	1004294	1772613180
557	亚	1003954	1773617134
558	失	997120	1774614254
559	黄	996144	1775610398
560	底	993301	1776603699
561	字	989941	1777593640
562	护	989651	1778583291
563	眼	984312	1779567603
564	林	975913	1780543516
565	击	971674	1781515190
566	评	968821	1782484011
567	够	966190	1783450201
568	园	963159	1784413360
569	范	960500	1785373860
570	青	960059	1786333919
571	某	954580	1787288499
572	终	947865	1788236364
573	季	947614	1789183978
574	阳	945346	1790129324
575	警	944985	1791074309
576	属	944902	1792019211
577	简	943401	1792962612
578	板	941512	1793904124
579	富	939949	1794844073
580	农	938140	1795782213
581	读	937971	1796720184
582	依	937371	1797657555
583	落	936145	1798593700
584	细	933352	1799527052
585	群	931270	1800458322
586	择	928761	1801387083
587	货	928064	1802315147
588	李	922109	1803237256
589	早	921082	1804158338
590	负	918106	1805076444
591	味	913930	1805990374
592	减	909761	1806900135
593	轻	909452	1807809587
594	喜	908853	1808718440
595	欢	906728	1809625168
596	却	903408	1810528576
597	智	903258	1811431834
598	测	901639	1812333473
599	域	901385	1813234858
600	免	900765	1814135623
601	压	898818	1815034441
602	半	897315	1815931756
603	妈	892254	1816824010
604	留	891629	1817715639
605	充	889540	1818605179
606	远	885699	1819490878
607	例	884790	1820375668
608	温	881754	1821257422
609	旅	878804	1822136226
